TX: 14:04:56	7E A0 0A 00 02 9A A5 21 93 4C 99 7E
RX: 14:04:56	7E A0 21 21 00 02 9A A5 73 52 D0 81 80 12 05 01 80 06 01 3E 07 04 00 00 00 01 08 04 00 00 00 01 07 22 7E
TX: 14:04:56	7E A0 2E 00 02 9A A5 21 10 2A 23 E6 E6 00 60 1D A1 09 06 07 60 85 74 05 08 01 02 BE 10 04 0E 01 00 00 00 06 5F 1F 04 00 1C 03 20 FF FF 80 AB 7E
RX: 14:04:56	7E A0 3A 21 00 02 9A A5 30 86 63 E6 E7 00 61 28 A1 09 06 07 60 85 74 05 08 01 02 A2 03 02 01 00 A3 05 A1 03 02 01 00 BE 0F 04 0D 08 00 06 5F 1F 04 00 18 02 20 09 60 FA 00 0A A8 7E
TX: 14:04:56	7E A0 14 00 02 9A A5 21 32 27 1E E6 E6 00 05 01 02 62 80 C5 41 7E
RX: 14:04:57	7E A8 5C 21 00 02 9A A5 52 66 F2 E6 E7 00 0C 01 00 01 0C 02 04 12 00 08 09 06 00 00 01 00 00 FF 0F 02 12 00 00 02 04 12 00 03 09 06 00 00 60 F0 0C FF 0F 12 12 00 00 02 04 12 00 03 09 06 01 01 02 08 00 FF 0F 02 12 00 00 02 04 12 00 03 09 06 01 01 03 08 00 FF 0F 02 12 00 00 30 FE 7E
TX: 14:04:57	7E A0 0A 00 02 9A A5 21 51 52 7C 7E
RX: 14:04:57	7E A8 54 21 00 02 9A A5 54 BC 49 02 04 12 00 03 09 06 01 01 04 08 00 FF 0F 02 12 00 00 02 04 12 00 03 09 06 01 01 01 08 00 FF 0F 02 12 00 00 02 04 12 00 03 09 06 01 01 20 07 00 FF 0F 0B 12 00 00 02 04 12 00 03 09 06 01 01 34 07 00 FF 0F 0B 12 00 00 F7 6B 7E
TX: 14:04:57	7E A0 0A 00 02 9A A5 21 71 50 5D 7E
RX: 14:04:57	7E A0 54 21 00 02 9A A5 56 12 47 02 04 12 00 03 09 06 01 01 48 07 00 FF 0F 0B 12 00 00 02 04 12 00 03 09 06 01 01 1F 07 00 FF 0F 0B 12 00 00 02 04 12 00 03 09 06 01 01 33 07 00 FF 0F 0B 12 00 00 02 04 12 00 03 09 06 01 01 47 07 00 FF 0F 0B 12 00 00 46 35 7E
TX: 14:04:57	7E A0 14 00 02 9A A5 21 94 1B DE E6 E6 00 05 01 02 48 B0 05 AE 7E
RX: 14:04:57	7E A0 18 21 00 02 9A A5 78 F2 F9 E6 E7 00 0C 01 00 02 02 0F 00 16 FF 4B C2 7E
TX: 14:04:57	7E A0 14 00 02 9A A5 21 B6 0B DC E6 E6 00 05 01 02 1C F0 96 58 7E
RX: 14:04:57	7E A0 18 21 00 02 9A A5 9A EE 3D E6 E7 00 0C 01 00 02 02 0F FE 16 1E E3 A8 7E
TX: 14:04:57	7E A0 14 00 02 9A A5 21 D8 73 56 E6 E6 00 05 01 02 1D A8 83 9F 7E
RX: 14:04:57	7E A0 18 21 00 02 9A A5 BC DA 79 E6 E7 00 0C 01 00 02 02 0F FE 16 20 1E 70 7E
TX: 14:04:57	7E A0 14 00 02 9A A5 21 FA 63 54 E6 E6 00 05 01 02 1E 50 2C CE 7E
RX: 14:04:57	7E A0 18 21 00 02 9A A5 DE CE 39 E6 E7 00 0C 01 00 02 02 0F FE 16 20 1E 70 7E
TX: 14:04:57	7E A0 14 00 02 9A A5 21 1C 5B D6 E6 E6 00 05 01 02 25 E8 E5 A5 7E
RX: 14:04:57	7E A0 18 21 00 02 9A A5 F0 B2 F1 E6 E7 00 0C 01 00 02 02 0F FE 16 1E E3 A8 7E
TX: 14:04:57	7E A0 14 00 02 9A A5 21 3E 4B D4 E6 E6 00 05 01 02 9A F8 C2 0C 7E
RX: 14:04:57	7E A0 18 21 00 02 9A A5 12 AE 35 E6 E7 00 0C 01 00 02 02 0F FE 16 23 85 42 7E
TX: 14:04:57	7E A0 14 00 02 9A A5 21 50 33 5E E6 E6 00 05 01 02 9B 88 9D 66 7E
RX: 14:04:57	7E A0 18 21 00 02 9A A5 34 9A 71 E6 E7 00 0C 01 00 02 02 0F FE 16 23 85 42 7E
TX: 14:04:57	7E A0 14 00 02 9A A5 21 72 23 5C E6 E6 00 05 01 02 9C 18 1C BF 7E
RX: 14:04:57	7E A0 18 21 00 02 9A A5 56 8E 31 E6 E7 00 0C 01 00 02 02 0F FE 16 23 85 42 7E
TX: 14:04:57	7E A0 14 00 02 9A A5 21 94 1B DE E6 E6 00 05 01 02 9C A8 97 0A 7E
RX: 14:04:57	7E A0 18 21 00 02 9A A5 78 F2 F9 E6 E7 00 0C 01 00 02 02 0F FD 16 21 F3 8E 7E
TX: 14:04:57	7E A0 14 00 02 9A A5 21 B6 0B DC E6 E6 00 05 01 02 9D 38 C6 87 7E
RX: 14:04:57	7E A0 18 21 00 02 9A A5 9A EE 3D E6 E7 00 0C 01 00 02 02 0F FD 16 21 F3 8E 7E
TX: 14:04:57	7E A0 14 00 02 9A A5 21 D8 73 56 E6 E6 00 05 01 02 9D C8 49 70 7E
RX: 14:04:57	7E A0 18 21 00 02 9A A5 BC DA 79 E6 E7 00 0C 01 00 02 02 0F FD 16 21 F3 8E 7E
TX: 14:04:57	7E A0 47 00 02 9A A5 21 FA C2 8E E6 E6 00 05 01 04 62 78 01 02 04 02 04 12 00 08 09 06 00 00 01 00 00 FF 0F 02 12 00 00 09 0C 07 EA 03 09 FF 00 00 00 00 FE 5C 00 09 0C 07 EA 03 09 FF 17 3B 3B 00 FE 5C 00 01 00 CD 9E 7E
RX: 14:04:58	7E A8 80 21 00 02 9A A5 DE 4A F9 E6 E7 00 0C 01 00 01 1E 02 0C 09 0C 07 EA 03 09 01 00 00 00 FF 80 00 00 06 80 80 00 00 14 00 00 00 00 00 00 00 00 14 00 00 00 00 00 00 00 00 14 00 00 00 00 00 00 00 82 14 00 00 00 00 00 00 00 51 05 00 00 59 AC 05 00 00 00 00 05 00 00 00 00 05 00 00 00 00 05 00 00 00 00 05 00 00 00 00 02 0C 09 0C 07 EA 03 09 01 00 00 00 FF 80 00 00 06 80 08 00 00 5B 68 7E
TX: 14:04:58	7E A0 0A 00 02 9A A5 21 11 56 3E 7E
RX: 14:04:58	7E A8 7E 21 00 02 9A A5 D0 44 01 14 00 00 00 00 00 00 00 00 14 00 00 00 00 00 00 00 00 14 00 00 00 00 00 00 00 82 14 00 00 00 00 00 00 00 51 05 00 00 59 AC 05 00 00 00 00 05 00 00 00 00 05 00 00 00 00 05 00 00 00 00 05 00 00 00 00 02 0C 09 0C 07 EA 03 09 01 00 1E 00 FF 80 00 00 06 80 80 00 00 14 00 00 00 00 00 00 00 00 14 00 00 00 00 00 00 00 00 14 00 00 00 00 00 00 00 82 31 58 7E
TX: 14:04:58	7E A0 0A 00 02 9A A5 21 31 54 1F 7E
RX: 14:04:58	7E A8 7B 21 00 02 9A A5 D2 F5 D2 14 00 00 00 00 00 00 00 51 05 00 00 5A 0B 05 00 00 00 00 05 00 00 00 00 05 00 00 00 00 05 00 00 00 00 05 00 00 00 00 02 0C 09 0C 07 EA 03 09 01 01 00 00 FF 80 00 00 06 80 80 00 00 14 00 00 00 00 00 00 00 00 14 00 00 00 00 00 00 00 00 14 00 00 00 00 00 00 00 82 14 00 00 00 00 00 00 00 51 05 00 00 5A 2C 05 00 00 00 00 05 00 00 00 00 93 1B 7E
TX: 14:04:58	7E A0 0A 00 02 9A A5 21 51 52 7C 7E
RX: 14:04:58	7E A8 72 21 00 02 9A A5 D4 FA F6 05 00 00 00 00 05 00 00 00 00 05 00 00 00 00 02 0C 09 0C 07 EA 03 09 01 01 1E 00 FF 80 00 00 06 80 80 00 00 14 00 00 00 00 00 00 00 00 14 00 00 00 00 00 00 00 00 14 00 00 00 00 00 00 00 82 14 00 00 00 00 00 00 00 51 05 00 00 5A 5D 05 00 00 00 00 05 00 00 00 00 05 00 00 00 00 05 00 00 00 00 05 00 00 00 00 4D FA 7E
TX: 14:04:58	7E A0 0A 00 02 9A A5 21 71 50 5D 7E
RX: 14:04:58	7E A8 78 21 00 02 9A A5 D6 BF 3C 02 0C 09 0C 07 EA 03 09 01 02 00 00 FF 80 00 00 06 80 80 00 00 14 00 00 00 00 00 00 00 00 14 00 00 00 00 00 00 00 00 14 00 00 00 00 00 00 00 82 14 00 00 00 00 00 00 00 51 05 00 00 5A 8D 05 00 00 00 00 05 00 00 00 00 05 00 00 00 00 05 00 00 00 00 05 00 00 00 00 02 0C 09 0C 07 EA 03 09 01 02 1E 00 FF 80 00 00 06 80 80 00 00 32 AA 7E
TX: 14:04:58	7E A0 0A 00 02 9A A5 21 91 5E BA 7E
RX: 14:04:58	7E A8 7E 21 00 02 9A A5 D8 0C 8D 14 00 00 00 00 00 00 00 00 14 00 00 00 00 00 00 00 00 14 00 00 00 00 00 00 00 82 14 00 00 00 00 00 00 00 51 05 00 00 5A 7B 05 00 00 00 00 05 00 00 00 00 05 00 00 00 00 05 00 00 00 00 05 00 00 00 00 02 0C 09 0C 07 EA 03 09 01 03 00 00 FF 80 00 00 06 80 80 00 00 14 00 00 00 00 00 00 00 00 14 00 00 00 00 00 00 00 00 14 00 00 00 00 00 00 00 82 8A D5 7E
TX: 14:04:58	7E A0 0A 00 02 9A A5 21 B1 5C 9B 7E
RX: 14:04:59	7E A8 7B 21 00 02 9A A5 DA BD 5E 14 00 00 00 00 00 00 00 51 05 00 00 5A C5 05 00 00 00 00 05 00 00 00 00 05 00 00 00 00 05 00 00 00 00 05 00 00 00 00 02 0C 09 0C 07 EA 03 09 01 03 1E 00 FF 80 00 00 06 80 80 00 00 14 00 00 00 00 00 00 00 00 14 00 00 00 00 00 00 00 00 14 00 00 00 00 00 00 00 82 14 00 00 00 00 00 00 00 51 05 00 00 5A AB 05 00 00 00 00 05 00 00 00 00 D1 2B 7E
TX: 14:04:59	7E A0 0A 00 02 9A A5 21 D1 5A F8 7E
RX: 14:04:59	7E A8 72 21 00 02 9A A5 DC B2 7A 05 00 00 00 00 05 00 00 00 00 05 00 00 00 00 02 0C 09 0C 07 EA 03 09 01 04 00 00 FF 80 00 00 06 80 80 00 00 14 00 00 00 00 00 00 00 00 14 00 00 00 00 00 00 00 00 14 00 00 00 00 00 00 00 82 14 00 00 00 00 00 00 00 51 05 00 00 5A BE 05 00 00 00 00 05 00 00 00 00 05 00 00 00 00 05 00 00 00 00 05 00 00 00 00 96 94 7E
TX: 14:04:59	7E A0 0A 00 02 9A A5 21 F1 58 D9 7E
RX: 14:04:59	7E A8 78 21 00 02 9A A5 DE F7 B0 02 0C 09 0C 07 EA 03 09 01 04 1E 00 FF 80 00 00 06 80 80 00 00 14 00 00 00 00 00 00 00 00 14 00 00 00 00 00 00 00 00 14 00 00 00 00 00 00 00 82 14 00 00 00 00 00 00 00 51 05 00 00 5A 89 05 00 00 00 00 05 00 00 00 00 05 00 00 00 00 05 00 00 00 00 05 00 00 00 00 02 0C 09 0C 07 EA 03 09 01 05 00 00 FF 80 00 00 06 80 80 00 00 07 7D 7E
TX: 14:04:59	7E A0 0A 00 02 9A A5 21 11 56 3E 7E
RX: 14:04:59	7E A8 7E 21 00 02 9A A5 D0 44 01 14 00 00 00 00 00 00 00 00 14 00 00 00 00 00 00 00 00 14 00 00 00 00 00 00 00 82 14 00 00 00 00 00 00 00 51 05 00 00 5A 6F 05 00 00 00 00 05 00 00 00 00 05 00 00 00 00 05 00 00 00 00 05 00 00 00 00 02 0C 09 0C 07 EA 03 09 01 05 1E 00 FF 80 00 00 06 80 80 00 00 14 00 00 00 00 00 00 00 00 14 00 00 00 00 00 00 00 00 14 00 00 00 00 00 00 00 82 17 18 7E
TX: 14:04:59	7E A0 0A 00 02 9A A5 21 31 54 1F 7E
RX: 14:04:59	7E A8 7B 21 00 02 9A A5 D2 F5 D2 14 00 00 00 00 00 00 00 51 05 00 00 5A 00 05 00 00 00 00 05 00 00 00 00 05 00 00 00 00 05 00 00 00 00 05 00 00 00 00 02 0C 09 0C 07 EA 03 09 01 06 00 00 FF 80 00 00 06 80 80 00 00 14 00 00 00 00 00 00 00 00 14 00 00 00 00 00 00 00 00 14 00 00 00 00 00 00 00 82 14 00 00 00 00 00 00 00 51 05 00 00 59 86 05 00 00 00 00 05 00 00 00 00 F3 3C 7E
TX: 14:04:59	7E A0 0A 00 02 9A A5 21 51 52 7C 7E
RX: 14:04:59	7E A8 72 21 00 02 9A A5 D4 FA F6 05 00 00 00 00 05 00 00 00 00 05 00 00 00 00 02 0C 09 0C 07 EA 03 09 01 06 1E 00 FF 80 00 00 06 80 80 00 00 14 00 00 00 00 00 00 00 00 14 00 00 00 00 00 00 00 00 14 00 00 00 00 00 00 00 82 14 00 00 00 00 00 00 00 51 05 00 00 59 12 05 00 00 00 00 05 00 00 00 00 05 00 00 00 00 05 00 00 00 00 05 00 00 00 00 97 58 7E
TX: 14:04:59	7E A0 0A 00 02 9A A5 21 71 50 5D 7E
RX: 14:05:00	7E A8 78 21 00 02 9A A5 D6 BF 3C 02 0C 09 0C 07 EA 03 09 01 07 00 00 FF 80 00 00 06 80 80 00 00 14 00 00 00 00 00 00 00 00 14 00 00 00 00 00 00 00 00 14 00 00 00 00 00 00 00 82 14 00 00 00 00 00 00 00 51 05 00 00 59 09 05 00 00 00 00 05 00 00 00 00 05 00 00 00 00 05 00 00 00 00 05 00 00 00 00 02 0C 09 0C 07 EA 03 09 01 07 1E 00 FF 80 00 00 06 80 80 00 00 49 41 7E
TX: 14:05:00	7E A0 0A 00 02 9A A5 21 91 5E BA 7E
RX: 14:05:00	7E A8 7E 21 00 02 9A A5 D8 0C 8D 14 00 00 00 00 00 00 00 00 14 00 00 00 00 00 00 00 00 14 00 00 00 00 00 00 00 82 14 00 00 00 00 00 00 00 51 05 00 00 59 57 05 00 00 00 00 05 00 00 00 00 05 00 00 00 00 05 00 00 00 00 05 00 00 00 00 02 0C 09 0C 07 EA 03 09 01 08 00 00 FF 80 00 00 06 80 80 00 00 14 00 00 00 00 00 00 00 00 14 00 00 00 00 00 00 00 00 14 00 00 00 00 00 00 00 82 1B 0A 7E
TX: 14:05:00	7E A0 0A 00 02 9A A5 21 B1 5C 9B 7E
RX: 14:05:00	7E A8 7B 21 00 02 9A A5 DA BD 5E 14 00 00 00 00 00 00 00 51 05 00 00 59 04 05 00 00 00 00 05 00 00 00 00 05 00 00 00 00 05 00 00 00 00 05 00 00 00 00 02 0C 09 0C 07 EA 03 09 01 08 1E 00 FF 80 00 00 06 80 80 00 00 14 00 00 00 00 00 00 00 00 14 00 00 00 00 00 00 00 00 14 00 00 00 00 00 00 00 82 14 00 00 00 00 00 00 00 51 05 00 00 57 7D 05 00 00 00 00 05 00 00 00 00 D6 F8 7E
TX: 14:05:00	7E A0 0A 00 02 9A A5 21 D1 5A F8 7E
RX: 14:05:00	7E A8 72 21 00 02 9A A5 DC B2 7A 05 00 00 00 00 05 00 00 00 00 05 00 00 00 00 02 0C 09 0C 07 EA 03 09 01 09 00 00 FF 80 00 00 06 80 80 00 00 14 00 00 00 00 00 00 00 00 14 00 00 00 00 00 00 00 00 14 00 00 00 00 00 00 00 82 14 00 00 00 00 00 00 00 51 05 00 00 58 38 05 00 00 00 00 05 00 00 00 00 05 00 00 00 00 05 00 00 00 00 05 00 00 00 00 C1 86 7E
TX: 14:05:00	7E A0 0A 00 02 9A A5 21 F1 58 D9 7E
RX: 14:05:00	7E A8 78 21 00 02 9A A5 DE F7 B0 02 0C 09 0C 07 EA 03 09 01 09 1E 00 FF 80 00 00 06 80 80 00 00 14 00 00 00 00 00 00 00 00 14 00 00 00 00 00 00 00 00 14 00 00 00 00 00 00 00 82 14 00 00 00 00 00 00 00 51 05 00 00 58 4F 05 00 00 00 00 05 00 00 00 00 05 00 00 00 00 05 00 00 00 00 05 00 00 00 00 02 0C 09 0C 07 EA 03 09 01 0A 00 00 FF 80 00 00 06 80 80 00 00 88 20 7E
TX: 14:05:00	7E A0 0A 00 02 9A A5 21 11 56 3E 7E
RX: 14:05:00	7E A8 7E 21 00 02 9A A5 D0 44 01 14 00 00 00 00 00 00 00 00 14 00 00 00 00 00 00 00 00 14 00 00 00 00 00 00 00 82 14 00 00 00 00 00 00 00 51 05 00 00 58 BA 05 00 00 00 00 05 00 00 00 00 05 00 00 00 00 05 00 00 00 00 05 00 00 00 00 02 0C 09 0C 07 EA 03 09 01 0A 1E 00 FF 80 00 00 06 80 80 00 00 14 00 00 00 00 00 00 00 00 14 00 00 00 00 00 00 00 00 14 00 00 00 00 00 00 00 82 C8 13 7E
TX: 14:05:00	7E A0 0A 00 02 9A A5 21 31 54 1F 7E
RX: 14:05:01	7E A8 7B 21 00 02 9A A5 D2 F5 D2 14 00 00 00 00 00 00 00 51 05 00 00 58 51 05 00 00 00 00 05 00 00 00 00 05 00 00 00 00 05 00 00 00 00 05 00 00 00 00 02 0C 09 0C 07 EA 03 09 01 0B 00 00 FF 80 00 00 06 80 80 00 00 14 00 00 00 00 00 00 00 00 14 00 00 00 00 00 00 00 00 14 00 00 00 00 00 00 00 82 14 00 00 00 00 00 00 00 51 05 00 00 58 6A 05 00 00 00 00 05 00 00 00 00 D1 7A 7E
TX: 14:05:01	7E A0 0A 00 02 9A A5 21 51 52 7C 7E
RX: 14:05:01	7E A8 72 21 00 02 9A A5 D4 FA F6 05 00 00 00 00 05 00 00 00 00 05 00 00 00 00 02 0C 09 0C 07 EA 03 09 01 0B 1E 00 FF 80 00 00 06 80 80 00 00 14 00 00 00 00 00 00 00 00 14 00 00 00 00 00 00 00 00 14 00 00 00 00 00 00 00 82 14 00 00 00 00 00 00 00 51 05 00 00 58 9E 05 00 00 00 00 05 00 00 00 00 05 00 00 00 00 05 00 00 00 00 05 00 00 00 00 4F 74 7E
TX: 14:05:01	7E A0 0A 00 02 9A A5 21 71 50 5D 7E
RX: 14:05:01	7E A8 78 21 00 02 9A A5 D6 BF 3C 02 0C 09 0C 07 EA 03 09 01 0C 00 00 FF 80 00 00 06 80 80 00 00 14 00 00 00 00 00 00 00 00 14 00 00 00 00 00 00 00 00 14 00 00 00 00 00 00 00 82 14 00 00 00 00 00 00 00 51 05 00 00 58 6D 05 00 00 00 00 05 00 00 00 00 05 00 00 00 00 05 00 00 00 00 05 00 00 00 00 02 0C 09 0C 07 EA 03 09 01 0C 1E 00 FF 80 00 00 06 80 80 00 00 FD ED 7E
TX: 14:05:01	7E A0 0A 00 02 9A A5 21 91 5E BA 7E
RX: 14:05:01	7E A8 7E 21 00 02 9A A5 D8 0C 8D 14 00 00 00 00 00 00 00 00 14 00 00 00 00 00 00 00 00 14 00 00 00 00 00 00 00 82 14 00 00 00 00 00 00 00 51 05 00 00 58 CA 05 00 00 00 00 05 00 00 00 00 05 00 00 00 00 05 00 00 00 00 05 00 00 00 00 02 0C 09 0C 07 EA 03 09 01 0D 00 00 FF 80 00 00 06 80 80 00 00 14 00 00 00 00 00 00 00 00 14 00 00 00 00 00 00 00 00 14 00 00 00 00 00 00 00 82 90 3C 7E
TX: 14:05:01	7E A0 0A 00 02 9A A5 21 B1 5C 9B 7E
RX: 14:05:01	7E A8 7B 21 00 02 9A A5 DA BD 5E 14 00 00 00 00 00 00 00 51 05 00 00 58 30 05 00 00 00 00 05 00 00 00 00 05 00 00 00 00 05 00 00 00 00 05 00 00 00 00 02 0C 09 0C 07 EA 03 09 01 0D 1E 00 FF 80 00 00 06 80 80 00 00 14 00 00 00 00 00 00 00 00 14 00 00 00 00 00 00 00 00 14 00 00 00 00 00 00 00 82 14 00 00 00 00 00 00 00 51 05 00 00 57 BE 05 00 00 00 00 05 00 00 00 00 E1 72 7E
TX: 14:05:01	7E A0 0A 00 02 9A A5 21 D1 5A F8 7E
RX: 14:05:01	7E A0 72 21 00 02 9A A5 DC 0E 57 05 00 00 00 00 05 00 00 00 00 05 00 00 00 00 02 0C 09 0C 07 EA 03 09 01 0E 00 00 FF 80 00 00 06 80 80 00 00 14 00 00 00 00 00 00 00 00 14 00 00 00 00 00 00 00 00 14 00 00 00 00 00 00 00 82 14 00 00 00 00 00 00 00 51 05 00 00 57 9A 05 00 00 00 00 05 00 00 00 00 05 00 00 00 00 05 00 00 00 00 05 00 00 00 00 23 7F 7E
TX: 14:05:01	7E A0 0A 00 02 9A A5 21 53 40 5F 7E
RX: 14:05:01	7E A0 21 21 00 02 9A A5 73 52 D0 81 80 12 05 01 80 06 01 3E 07 04 00 00 00 01 08 04 00 00 00 01 07 22 7E
